  -0.9944685026793432    0.0414532447604728    0.0000022688069061   -0.3638445832207723   -6.3019202419431162    0.0002676083060768 
  -0.8378824914905976   -0.5560923727685640    0.0000268818045231    3.3727859331548662   -5.2591767766344786    0.0002085657170627 
  -0.3656415336927780   -0.9454752336786316    0.0000414032116953    5.7588418578314480   -2.2900075178778105    0.0000729863962001 
   0.2416077188106357   -0.9875339574573295    0.0000406505695387    6.0018380713434780    1.4699746916488690   -0.0000872934065447 
   0.7607520385494281   -0.6695432706946389    0.0000250348289102    4.0495459751577689    4.6938288513994255   -0.0002152345419478 
   0.9995760415090489   -0.1057317628289034    0.0000002480779380    0.5588881206654038    6.2257399229205159   -0.0002646713320093 
   0.8619413352707054    0.4967697381492823   -0.0000245274526623   -3.2399961222141482    5.4210918554846872   -0.0002141970103206 
   0.3908485536942655    0.9057133007890239   -0.0000397120766690   -5.8718262817439042    2.4664341622869710   -0.0000786750290868 
  -0.2346562042693998    0.9549094124704013   -0.0000391374110309   -6.2045742135788622   -1.5229995082596763    0.0000899501768895 
  -0.7662244240170158    0.6217569241624241   -0.0000229476332218   -4.0616920431553192   -4.9029937407301070    0.0002223989394549 
  -0.9944701800185962    0.0414492909024744    0.0000023230400542   -0.3638087074772096   -6.3019369951441870    0.0002657204750927 
  -0.8378803241375199   -0.5560961710473127    0.0000267520684815    3.3728209531128681   -5.2591569615891132    0.0002070973350999 
  -0.3656372440033303   -0.9454757927863913    0.0000412126399247    5.7588459608703335   -2.2899676764711066    0.0000733506105914 
   0.2416106173618963   -0.9875309793902517    0.0000405820951217    6.0018086866767772    1.4700000327366247   -0.0000854338663996 
   0.7607513996438341   -0.6695394624623479    0.0000251539790069    4.0495105191744489    4.6938193577165235   -0.0002136766440429 
   0.9995729063423981   -0.1057302649376293    0.0000004400538963    0.5588772686777541    6.2257076129393374   -0.0002648967338147 
   0.8619387303099609    0.4967681500482699   -0.0000244453850882   -3.2399763392125807    5.4210676201827690   -0.0002159766752996 
   0.3908486174115099    0.9057106678138224   -0.0000398181010349   -5.8717978126424351    2.4664388049657608   -0.0000803279298025 
  -0.2346541044858255    0.9549084850970385   -0.0000393311915084   -6.2045656815866801   -1.5229737531699523    0.0000900079384980 
  -0.7662229153740037    0.6217584532179246   -0.0000230433725268   -4.0617109760873475   -4.9029754316720622    0.0002241278760554 
  -0.9944711274416623    0.0414513216636717    0.0000024172458251   -0.3638337828046976   -6.3019464309105722    0.0002674502895260 
  -0.8378828608563582   -0.5560962181644102    0.0000269452439193    3.3728177426075425   -5.2591851875060964    0.0002071760996584 
  -0.3656386181834146   -0.9454784073401201    0.0000413207145390    5.7588708555091035   -2.2899857533337835    0.0000717205272702 
   0.2416123036797808   -0.9875339229598100    0.0000405023448881    6.0018397304348872    1.4700129086943987   -0.0000872324251034 
   0.7607551798313315   -0.6695397734590257    0.0000249616137977    4.0495171784870392    4.6938552001587430   -0.0002139271764089 
   0.9995755801306657   -0.1057271334173719    0.0000003192248135    0.5588496824878966    6.2257347335949147   -0.0002633412305317 
   0.8619377693065328    0.4967723641103151   -0.0000243785939030   -3.2400156737421719    5.4210600371897604   -0.0002141164513038 
   0.3908446118116772    0.9057124682152994   -0.0000396284852108   -5.8718144954669746    2.4664018713191860   -0.0000799455921927 
  -0.2346579152212095    0.9549064030830633   -0.0000391997356089   -6.2045455388199731   -1.5230084090351941    0.0000885670028594 
  -0.7662235185092096    0.6217543205946399   -0.0000230949120715   -4.0616721753272822   -4.9029788025342755    0.0002222278148711 
  -0.9944683465703766    0.0414485968809572    0.0000022310713765   -0.3638102330700145   -6.3019176196572984    0.0002668987742699 
  -0.8378794052940727   -0.5560955511295192    0.0000268024225027    3.3728071879713806   -5.2591520638999425    0.0002085202234623 
  -0.3656374730491336   -0.9454755413924700    0.0000413585867279    5.7588398819335884   -2.2899782263722321    0.0000736656171791 
   0.2416106526501942   -0.9875318568707958    0.0000406839005543    6.0018197733511069    1.4699916601012399   -0.0000865560072660 
   0.7607529446281242   -0.6695403113500623    0.0000251132629091    4.0495260052633579    4.6938295851308878   -0.0002151458222963 
   0.9995752942100500   -0.1057292674150404    0.0000002969607075    0.5588757452280616    6.2257314982066445   -0.0002652980219757 
   0.8619397556841791    0.4967713013311948   -0.0000245542701826   -3.2400010567861099    5.4210826825792573   -0.0002149549203732 
   0.3908466373800971    0.9057140453559102   -0.0000397899692097   -5.8718289401216772    2.4664267232075137   -0.0000788448740305 
  -0.2346583909770888    0.9549093481638526   -0.0000391917708017   -6.2045766718513438   -1.5230091073268777    0.0000905508210585 
  -0.7662266471835770    0.6217556542715175   -0.0000229257282481   -4.0616890142464834   -4.9030080336989039    0.0002231837856152 
  -0.9944715418935152    0.0414465777108744    0.0000023994410788   -0.3637939972283979   -6.3019498458284966    0.0002659320428897 
  -0.8378796853747629   -0.5560996270425003    0.0000268101108825    3.3728449111536007   -5.2591572253474403    0.0002065532344942 
  -0.3656342325412364   -0.9454783459154813    0.0000411977582614    5.7588668724736882   -2.2899492214409745    0.0000725604257718 
   0.2416149260924247   -0.9875309466928520    0.0000405077199149    6.0018115953383395    1.4700311353102358   -0.0000857263454025 
   0.7607547807283735   -0.6695363966549098    0.0000250910494323    4.0494893866902180    4.6938454819783448   -0.0002131725440644 
   0.9995733551345400   -0.1057256090009114    0.0000004495510416    0.5588428493798621    6.2257112857603945   -0.0002640854042116 
   0.8619359479968067    0.4967718592139726   -0.0000243733603825   -3.2400030491688914    5.4210461632320097   -0.0002156465096596 
   0.3908442419222838    0.9057115157120336   -0.0000397526659407   -5.8718016301439624    2.4664062968675240   -0.0000807747661518 
  -0.2346576737213255    0.9549063663053611   -0.0000393339526111   -6.2045472391108367   -1.5229975940792342    0.0000892071151689 
  -0.7662241012584264    0.6217549267773184   -0.0000231122792027   -4.0616848083333243   -4.9029790782390759    0.0002237235033956 
  -0.9944700267471365    0.0414483290803168    0.0000023477084245   -0.3638162735030520   -6.3019339893121460    0.0002678472779961 
  -0.8378807063445726   -0.5560977228061664    0.0000269425854854    3.3728217566112004   -5.2591700696455534    0.0002079938932346 
  -0.3656364655227444   -0.9454786539378603    0.0000413870308920    5.7588683626781991   -2.2899761032748884    0.0000721601464185 
   0.2416141999946568   -0.9875334090412713    0.0000405737826072    6.0018376578051136    1.4700194397768767   -0.0000875745096482 
   0.7607568790786644   -0.6695385220790868    0.0000249708476440    4.0495144629241979    4.6938640360877466   -0.0002147230030287 
   0.9995767035301231   -0.1057248676051790    0.0000002570062604    0.5588397609865395    6.2257453065799702   -0.0002638489291306 
   0.8619373772268061    0.4967754142594131   -0.0000244535412182   -3.2400356804575372    5.4210631520491184   -0.0002138360435568 
   0.3908420360400637    0.9057150109828901   -0.0000396436562535   -5.8718356694135601    2.4663876745646718   -0.0000791396644155 
  -0.2346619786831975    0.9549066967814792   -0.0000391408834656   -6.2045515848793151   -1.5230373639644772    0.0000891091759968 
  -0.7662270128313347    0.6217516412977058   -0.0000230189862118   -4.0616546832572116   -4.9030059482143544    0.0002220017389386 
  -0.9944691858974816    0.0414440730276472    0.0000022524808963   -0.3637772230901449   -6.3019250830994569    0.0002661282280717 
  -0.8378769549142867   -0.5560995211856620    0.0000267488716558    3.3728364528990853   -5.2591339551442857    0.0002079219023840 
  -0.3656330607408108   -0.9454768110359639    0.0000412804733617    5.7588478404132077   -2.2899453320208800    0.0000738209783447 
   0.2416145899924519   -0.9875299459079455    0.0000406567215677    6.0018033615979069    1.4700190042604908   -0.0000857851319107 
   0.7607545263760809   -0.6695365986770653    0.0000251630395772    4.0494982888649442    4.6938371265838743   -0.0002145166971876 
   0.9995742677735868   -0.1057258090228980    0.0000003751604107    0.5588536648697640    6.2257201917370590   -0.0002654042053284 
   0.8619372125197943    0.4967731394831656   -0.0000245217116726   -3.2400088375807625    5.4210637644485979   -0.0002156822613871 
   0.3908439719994388    0.9057141074274390   -0.0000398339979741   -5.8718247322902393    2.4664115439082184   -0.0000795171148281 
  -0.2346603805419180    0.9549082793722022   -0.0000392712855986   -6.2045687698602983   -1.5230167214592916    0.0000905808434320 
  -0.7662279078465999    0.6217540398346657   -0.0000229640915880   -4.0616824835628211   -4.9030123571655819    0.0002239033143170 
  -0.9944721186460865    0.0414445054783626    0.0000024393284394   -0.3637859135594648   -6.3019547424766431    0.0002666351147971 
  -0.8378791753937294   -0.5561020876136943    0.0000268892398993    3.3728588235605415   -5.2591588679052705    0.0002065699150542 
  -0.3656321303959024   -0.9454804799588086    0.0000412410988898    5.7588835048122879   -2.2899399527580901    0.0000718911653614 
   0.2416183911050094   -0.9875314714651359    0.0000404743853426    6.0018200737474565    1.4700535592589714   -0.0000864592863716 
   0.7607581999678119   -0.6695343528896444    0.0000250118977429    4.0494787743348279    4.6938719314011443   -0.0002132710648590 
   0.9995747014153435   -0.1057214443636195    0.0000004005173068    0.5588134660050228    6.2257242645059367   -0.0002634370263442 
   0.8619340418553820    0.4967760808904589   -0.0000243448666047   -3.2400350928431432    5.4210336257594260   -0.0002148861992828 
   0.3908398914389961    0.9057133682743963   -0.0000396748925923   -5.8718156074254368    2.4663739532537288   -0.0000806330571378 
  -0.2346620769973365    0.9549048006166395   -0.0000392809967595   -6.2045344061806036   -1.5230298584684971    0.0000886144544932 
  -0.7662262048624023    0.6217509804925744   -0.0000231339861057   -4.0616544853457661   -4.9029921259699636    0.0002229503893271 
  -0.9944690472548756    0.0414443221243013    0.0000022712512797   -0.3637883509570223   -6.3019228791759021    0.0002676250900777 
  -0.8378777417433432   -0.5560998535650460    0.0000268845914261    3.3728322170303562   -5.2591465505057418    0.0002085549277674 
  -0.3656333663878061   -0.9454785295729996    0.0000414038183173    5.7588619733964137   -2.2899567765637427    0.0000729573504560 
   0.2416162750965568   -0.9875319047329573    0.0000406484884456    6.0018255430746210    1.4700276864081627   -0.0000873135709307 
   0.7607578388163786   -0.6695365965729220    0.0000250320026463    4.0495049367939595    4.6938653979848679   -0.0002152283422776 
   0.9995768573475253   -0.1057228747259946    0.0000002469942516    0.5588324971048220    6.2257459837374283   -0.0002646457341485 
   0.8619367081624981    0.4967774825823940   -0.0000245259733317   -3.2400456411156529    5.4210633251236757   -0.0002141757088352 
   0.3908401626824844    0.9057168082318456   -0.0000397095878083   -5.8718491492475584    2.4663807563241598   -0.0000786778898694 
  -0.2346650481134706    0.9549072100892043   -0.0000391363805737   -6.2045599787998986   -1.5230561171470469    0.0000899267812725 
  -0.7662301781399047    0.6217499146660401   -0.0000229489778483   -4.0616468820902663   -4.9030298536382437    0.0002223793402639 
  -0.9944706530653673    0.0414403285795404    0.0000023208129449   -0.3637520706451953   -6.3019389047777636    0.0002657238928445 
  -0.8378755027798422   -0.5561036115312487    0.0000267512763862    3.3728668306711085   -5.2591260019005901    0.0002071200527383 
  -0.3656290736902515   -0.9454790060870081    0.0000412142060114    5.7588652311669009   -2.2899169019844914    0.0000733707938260 
   0.2416191045923929   -0.9875288813004832    0.0000405846210081    6.0017956939322312    1.4700523166106034   -0.0000854369821485 
   0.7607571255678295   -0.6695328238063453    0.0000251549558056    4.0494698462292371    4.6938551447839751   -0.0002137019517193 
   0.9995737134583348   -0.1057214584095106    0.0000004383539816    0.5588224743224065    6.2257135888058519   -0.0002649201514009 
   0.8619341677445364    0.4967758442524906   -0.0000244483197382   -3.2400253474218279    5.4210397465361053   -0.0002159758331303 
   0.3908403032826214    0.9057142039841747   -0.0000398196548530   -5.8718209681138509    2.4663861852931430   -0.0000803033832854 
  -0.2346629325794017    0.9549063637865547   -0.0000393299575998   -6.2045522754367797   -1.5230301977166685    0.0000900346179832 
  -0.7662287306698177    0.6217514992780767   -0.0000230404244441   -4.0616663846134688   -4.9030121743415913    0.0002241325088970 
