   0.8255062404362916   -5.1467820193341893    0.0029025247387661    2.6906404240457782    0.5675437657937399   -0.0625624412510783 
   4.7525417358700217   -1.4932992204930895   -0.1001414389333266    0.7933931994335992    2.7631207526331174   -0.0292284103883341 
   3.2572202708940958    3.7795200144615047   -0.0885797086903452   -2.1226286093490927    1.9323832837977797    0.0394699408123896 
  -1.9908307357055286    4.8321444272846881    0.0244792951828236   -2.5836297760414912   -0.9203996099646544    0.0616334780405571 
  -5.3466107693049887    0.9514235389273507    0.1156846746214673   -0.5160795289211736   -2.5859134587719907    0.0222872849902468 
  -3.8118471139247876   -3.8471128226843492    0.1012707175596077    1.9263203201217927   -1.8117431222441809   -0.0355797837290659 
   1.1986199907321378   -5.0535641589152975   -0.0058334070242044    2.6509990853774013    0.7673927550962847   -0.0625067317848152 
   4.8483966243408574   -1.1032138864466141   -0.1039063972636774    0.5785587118707688    2.8212507407823568   -0.0246624402933134 
   2.9510647291454397    4.0373916161186951   -0.0828000386167850   -2.2601092245996823    1.7593552674758497    0.0432662024161181 
  -2.3459227599071628    4.6907536437404582    0.0330121867224550   -2.5002495514001803   -1.1035890778259170    0.0605282885446429 
  -5.4057845649474130    0.5883459769801066    0.1185165728254161   -0.3312586796257964   -2.6123931627668218    0.0182602325370555 
  -3.5338273322982605   -4.0905472506833318    0.0960605734313816    2.0542441337716002   -1.6734798707861591   -0.0390162423963893 
   1.5651422378094471   -4.9325635074074707   -0.0145371972718539    2.5962072780195800    0.9651999385770935   -0.0621008500309380 
   4.9138958249262021   -0.7062244139345922   -0.1070205396238670    0.3589662459789370    2.8619059951253454   -0.0199179906735546 
   2.6267429434709300    4.2704102248308429   -0.0765107515236065   -2.3826740117879708    1.5767557713055367    0.0467655755192212 
  -2.6884887037817591    4.5243183236388189    0.0413684842226333   -2.4044373819723233   -1.2789348439449806    0.0591128235601832 
  -5.4390799710464757    0.2224563843242031    0.1207811029906224   -0.1455867656971746   -2.6262707875888593    0.0141646603552029 
  -3.2385921023537865   -4.3140440195704608    0.0903826603002627    2.1728758475354852   -1.5262720232679632   -0.0422823565650157 
   1.9229632000660426   -4.7841623443622341   -0.0231601507409426    2.5263824272056756    1.1597633990756142   -0.0613478049347410 
   4.9484996701635851   -0.3047971994954835   -0.1094620745280716    0.1361793559738453    2.8847774568384277   -0.0150275187821433 
   2.2863777764854900    4.4773544348360401   -0.0697541243617032   -2.4898582965449996    1.3860136861781547    0.0499575419540014 
  -3.0168606057851837    4.3339833648921440    0.0495067293352253   -2.2969897041185776   -1.4458312838570482    0.0574014331009830 
  -5.4464268372468139   -0.1445006802984284    0.1224694194717863    0.0402958074362085   -2.6276106145682916    0.0100095822664617 
  -2.9274687061730971   -4.5163823703297483    0.0842611339870067    2.2816084559182936   -1.3705137577161766   -0.0453618373907213 
   2.2699792528324472   -4.6088791471947870   -0.0316528679183092    2.4414516704110949    1.3499123395866417   -0.0602356756331617 
   4.9518525566698983    0.0985557552891431   -0.1112120297645320   -0.0882627748428512    2.8894114230964170   -0.0100250284190672 
   1.9321544757542364    4.6571681593509320   -0.0625747846544543   -2.5810552744764190    1.1884897553890892    0.0528170276121698 
  -3.3294536035772464    4.1209805932181762    0.0573857724441164   -2.1786420085946903   -1.6034797093254389    0.0554082830972551 
  -5.4278568195879888   -0.5107646511097186    0.1235749945326784    0.2254967182524992   -2.6164463896494228    0.0058204614490487 
  -2.6018993687366421   -4.6964175305114200    0.0777239822515836    2.3798000635040570   -1.2069238769989525   -0.0482388061080328 
   2.6040997173607510   -4.4074346867692711   -0.0399657907909208    2.3417421874310249    1.5343911713078355   -0.0587721196558309 
   4.9238539675431783    0.5012804530184253   -0.1122581662731361   -0.3127042253521105    2.8758101550780815   -0.0049460565538615 
   1.5663256122474782    4.8090181318300731   -0.0550195897523146   -2.6560734303993403    0.9856384730481711    0.0553394232340080 
  -3.6248141277591959    3.8866367753902105    0.0649680879256729   -2.0502156321543206   -1.7514137272297845    0.0531485666051413 
  -5.3835078391404050   -0.8746107570855537    0.1240936016031744    0.4094056855983262   -2.5928898342566820    0.0016061699969027 
  -2.2633799843136719   -4.8530896164408928    0.0707997669507010    2.4668735331841609   -1.0359719915249668   -0.0508965995085249 
   2.9232734905856721   -4.1806885417694319   -0.0480492430964800    2.2273882486394156    1.7119944701598997   -0.0569494675721880 
   4.8646020962617929    0.9008256475233902   -0.1125914783556585   -0.5355493847524745    2.8438558716881599    0.0001726505663116 
   1.1911716191171722    4.9322459131427090   -0.0471369175332052   -2.7145915529702367    0.7788441615811683    0.0575063305341011 
  -3.9015773298591330    3.6323559458851151    0.0722168434363107   -1.9125055925470771   -1.8889648975213194    0.0506389055106331 
  -5.3136224598343667   -1.2342999519591631    0.1240236723185759    0.5911313811872430   -2.5570519936057754   -0.0026076203895531 
  -1.9135222693623049   -4.9854243128973881    0.0635210685858352    2.5422259930198927   -0.8584795097945042   -0.0533203288813530 
   3.2254871586235696   -3.9297041679810873   -0.0558539328472159    2.0989314744749348    1.8814480250196219   -0.0547802402110794 
   4.7744469322398615    1.2946457963015348   -0.1122097874358905   -0.7551463857095714    2.7938705561743857    0.0052943796348140 
   0.8089927311553780    5.0264110516264884   -0.0389762839586265   -2.7566855523650129    0.5695087756179030    0.0593188364031832 
  -4.1585195744588077    3.3596099446293648    0.0790989985992935   -1.7663394591964947   -2.0158138447060554    0.0478944901307580 
  -5.2185474422343772   -1.5881463107076290    0.1233656941352126    0.7700943883969579   -2.5091075857116087   -0.0068125808598476 
  -1.5539841089621576   -5.0925516065268148    0.0559207736250261    2.6053327362499377   -0.6750153650252158   -0.0554937967474781 
   3.5088005028033868   -3.6556915907080909   -0.0633312765926791    1.9567516041098036    2.0415421025264511   -0.0522623553620263 
   4.6539418747649162    1.6802374981909720   -0.1111145823421410   -0.9699066102017565    2.7260749690448303    0.0103808773241601 
   0.4220904859944843    5.0912397914729954   -0.0305882488363081   -2.7822777716568794    0.3589847587582128    0.0607645188424382 
  -4.3945004821311739    3.0699329043165635    0.0855821798515366   -1.6125342501798292   -2.1314037981527045    0.0449336252657200 
  -5.0987270497102051   -1.9344544869812121    0.1221228354614138    0.9454174804726436   -2.4492291900693002   -0.0109829001597308 
  -1.1865271882087951   -5.1736968354204853    0.0480356755572535    2.6556529443252606   -0.4864903089072255   -0.0574032113821086 
   3.7713484312235059   -3.3600551130863363   -0.0704338474374027    1.8016220813348398    2.1910519036372085   -0.0494133187212583 
   4.5038844960913966    2.0551592071450679   -0.1093140145420598   -1.1782733651641770    2.6411243716702359    0.0153967204408758 
   0.0327460099825298    5.1266744021388124   -0.0220233403435557   -2.7916969304326087    0.1485848137047840    0.0618503314457317 
  -4.6085288878596078    2.7649124449395113    0.0916381527861668   -1.4519267642027822   -2.2355434026945868    0.0417716821870185 
  -4.9547130724629769   -2.2715892638803985    0.1203004169422902    1.1165292414404882   -2.3776570696749908   -0.0151102790035915 
  -0.8129585063624125   -5.2282027190255826    0.0399029318866341    2.6927147155923969   -0.2935899904498919   -0.0590330363771268 
   4.0113640020015708   -3.0443435465789626   -0.0771155030921268    1.6341714532993017    2.3287985429086806   -0.0462372878137551 
   4.3252581060724609    2.4170478651984384   -0.1068198442847216   -1.3787487518616979    2.5395429492482582    0.0203037023168622 
  -0.3567898482806440    5.1328035468803801   -0.0133326133047471   -2.7850709755160361   -0.0604324709410504    0.0625687920602904 
  -4.7996958109586974    2.4461763266281604    0.0972392458258863   -1.2853310263732898   -2.3277907646320197    0.0384276819486887 
  -4.7871502825739585   -2.5979216765069779    0.1179063015100794    1.2825813716218792   -2.2946364166435251   -0.0191693789519901 
  -0.4351722208644536   -5.2555284435892711    0.0315631610707881    2.7160770888853283   -0.0973220202177377   -0.0603715318885981 
   4.2271999941912943   -2.7102917528356980   -0.0833324235557513    1.4554295997638791    2.4536651839515398   -0.0427575045076168 
   4.1192800643027043    2.7636490067096124   -0.1036504054532788   -1.5699315229558193    2.4222989536464792    0.0250692968816018 
  -0.7443113962803151    5.1099216341156053   -0.0045663220681400   -2.7629301720222128   -0.2668652903592271    0.0629319838930179 
  -4.9672368098161108    2.1153948336815911    0.1023619859966539   -1.1135750006411618   -2.4080493736172026    0.0349171200394747 
  -4.5967850707153337   -2.9118843804620225    0.1149504916505865    1.4430066809968618   -2.2004540786910911   -0.0231513731152772 
  -0.0550975812388368   -5.2552553011205880    0.0230573706528184    2.7253323777694325    0.1015265915818979   -0.0614036766403007 
   4.4173354463116956   -2.3597583441409404   -0.0890425365839440    1.2662567179116486    2.5645756941564004   -0.0389839664899636 
   3.8873238161843506    3.0928293142748755   -0.0998270647895572   -1.7505069988267434    2.2901854451518044    0.0296577140483748 
  -1.1276753680115768    5.0584542370460621    0.0042255165761195   -2.7255894743873417   -0.4695837037874992    0.0629370405770171 
  -5.1104765382707731    1.7742644562244239    0.1069836905479551   -0.9374762185763291   -2.4759929144738431    0.0312595851913823 
  -4.3844634520480001   -3.2119302603546727    0.1114457119530204    1.5969770881074794   -2.0954482550054285   -0.0270315676831988 
   0.3252580475941730   -5.2271046973477215    0.0144297212081514    2.7201619497361769    0.3018331483856735   -0.0621206777049043 
   4.5804039752923300   -1.9947775845381241   -0.0942071898771806    1.0679347796526195    2.6605650382368728   -0.0349461743114183 
   3.6309713034660396    3.4025951900915068   -0.0953774823273175   -1.9192824022865367    2.1444193316230891    0.0340403733247439 
  -1.5048043884411517    4.9790077322829296    0.0129941556868522   -2.6737235088837079   -0.6675294148060841    0.0625997310506995 
  -5.2288755243152183    1.4245044986945081    0.1110856068829678   -0.7578281356031883   -2.5316099396624607    0.0274699751141289 
  -4.1511207430565458   -3.4965842711205184    0.1074064793208558    1.7439479311131048   -1.9799527700619908   -0.0308009416427706 
   0.7038749245720705   -5.1709302571155202    0.0057243751109801    2.7002648736102373    0.5027216975040086   -0.0625088282134386 
   4.7152022606273993   -1.6174799511760656   -0.0987902355311802    0.8615498669506397    2.7407387389609084   -0.0306598153124592 
   3.3519331697341768    3.6911117577466785   -0.0903317744320277   -2.0751777031637197    1.9860260568268222    0.0381857077340558 
  -1.8737010644842116    4.8723079983975515    0.0216916482439262   -2.6077985280239875   -0.8596977413204205    0.0619215407972492 
  -5.3219836205392284    1.0678574416373465    0.1146500301261648   -0.5754582096706287   -2.5746617408317372    0.0235689165970141 
  -3.8977964731504406   -3.7643953917486708    0.1028503917047529    1.8830955051510201   -1.8543927534472127   -0.0344348353912310 
   1.0786655955828455   -5.0867378006783603   -0.0030114647213964    2.6654516874345981    0.7029637663906162   -0.0625623571456737 
   4.8207064724923443   -1.2301432075909988   -0.1027596500565847    0.6485876993151826    2.8043390378720372   -0.0261598931235454 
   3.0520858988971344    3.9567121852005442   -0.0847255073097966   -2.2172696605286601    1.8163929462722004    0.0420704415064104 
  -2.2324602572850472    4.7392359386121061    0.0302719692591799   -2.5286011899075223   -1.0452032960852511    0.0609208554936467 
  -5.3894878151681702    0.7060671799689033    0.1176630823639295   -0.3911217501414135   -2.6052297960767929    0.0195701932689574 
  -3.6256153916210776   -4.0140028495726634    0.0977965502868651    2.0139063802063677   -1.7191722238817106   -0.0379245608447796 
   1.4475518006747305   -4.9746841856202417   -0.0117311496042832    2.6155700710436474    0.9015900245629181   -0.0622701781347728 
   4.8960873218615104   -0.8351162893538514   -0.1060868162133144    0.4303399241445146    2.8507047226269484   -0.0214678159038953 
   2.7334051436951388    4.1979064792232164   -0.0785962683243530   -2.3447302349935661    1.6367084884158758    0.0456678337451751 
  -2.5792619841761111    4.5807710890571469    0.0386900007034941   -2.4366937558654986   -1.2231681592290748    0.0596023877895685 
  -5.4311548312092679    0.3408942264769511    0.1201118467977222   -0.2056378240370897   -2.6231427745338185    0.0154952099094610 
