  29.2691654437275695   -6.2420855680689007   -0.5460827048882552    0.2344175924490811    1.1290561506945462   -0.0286490988277348 
  29.6498833104009272   -3.9652167885372940   -0.6016958080566988    0.1456147691030214    1.1463438147465319   -0.0269239582774075 
  29.8502810683166757   -1.6631373371539846   -0.6536445973837582    0.0547994839574706    1.1539942935114482   -0.0250004080475870 
  29.8703917025574590    0.6449125570012756   -0.7016225150929296   -0.0342096773383518    1.1528460293994132   -0.0229654147466140 
  29.7151609089376123    2.9444320232348691   -0.7454522148497846   -0.1207494330861671    1.1458687045053588   -0.0208480684227022 
  29.3881741751408754    5.2253959970547159   -0.7849465627294511   -0.2062424375066504    1.1342938861753002   -0.0186243861268108 
  28.8899822106472755    7.4783589889955202   -0.8198569580741653   -0.2921236528303894    1.1176501791607767   -0.0162612065476348 
  28.2190121030478984    9.6913142477575676   -0.8498822915779841   -0.3789093957890824    1.0938482036839778   -0.0137403940426356 
  27.3753843324486326   11.8473435530083080   -0.8747458557029074   -0.4641247301266913    1.0605819667811041   -0.0111128655271608 
  26.3662495368625827   13.9283448347355225   -0.8943305184386247   -0.5440454317876166    1.0193650188719008   -0.0084728541769065 
  25.2029924374468273   15.9218681046783139   -0.9086440851058467   -0.6184385392657408    0.9735017419128841   -0.0058410221915434 
  23.8950429732115239   17.8202155933906248   -0.9176772120583084   -0.6890181498591451    0.9242707805022208   -0.0031869567940099 
  22.4484684087216486   19.6164477404746016   -0.9213566837871284   -0.7573117831230749    0.8711970067256835   -0.0004805766433321 
  20.8670366189051251   21.3011820786008386   -0.9195575429284344   -0.8237655081562233    0.8122876652433578    0.0022900373255319 
  19.1563434067802660   22.8604066960240644   -0.9121874964205621   -0.8858523007322365    0.7456062258553101    0.0050722348235732 
  17.3289133216194422   24.2797309618043187   -0.8993198114044929   -0.9401827545192407    0.6730391340087765    0.0077769484420196 
  15.4008061839807606   25.5509170735213722   -0.8811460319193098   -0.9868195037157169    0.5978829772455909    0.0103831547154618 
  13.3856644776116056   26.6705199552699739   -0.8578384379922267   -1.0275331537855694    0.5214866257535383    0.0129161412461314 
  11.2935374705770180   27.6359624981071441   -0.8295081976434381   -1.0640049741200517    0.4435259592581481    0.0154084604458139 
   9.1320306793405024   28.4423400432622522   -0.7962187985116631   -1.0967713600279108    0.3620235616159403    0.0178725851889544 
   6.9106931708381074   29.0804592018116672   -0.7580777282028981   -1.1231945536721282    0.2752921864198396    0.0202453422874447 
   4.6457703056482229   29.5416383270204115   -0.7153641207868028   -1.1401431690757511    0.1857151848499169    0.0224357621914894 
   2.3561464551616940   29.8238946313019788   -0.6684638036718135   -1.1481816952659878    0.0967675784608829    0.0244339363399061 
   0.0575515844263302   29.9301017510415406   -0.6177311845282114   -1.1494631595489062    0.0097647804918685    0.0262742833514550 
  -2.2384511272687293   29.8640355937479605   -0.5634490553592163   -1.1458990201112977   -0.0756955560056700    0.0279910320260067 
  -4.5232257145939174   29.6270941202773415   -0.5058413635521782   -1.1381220190438692   -0.1615722215505747    0.0295976022648356 
  -6.7864469056160104   29.2165042194154267   -0.4451677216047517   -1.1236895192676599   -0.2492816961197025    0.0310395402495940 
  -9.0117415054340313   28.6304798401403637   -0.3818417242607748   -1.1000718378866319   -0.3363229938510772    0.0322434589427103 
 -11.1812151703483060   27.8738410621006487   -0.3163531807040061   -1.0682720040298332   -0.4195378372523662    0.0332096383861046 
 -13.2808272818848980   26.9556936552024418   -0.2491382134824097   -1.0306007479522672   -0.4978384571657981    0.0339770887747535 
 -15.3010818224063190   25.8855338392018588   -0.1805469483236332   -0.9891741007873323   -0.5717952945465727    0.0345903885364800 
 -17.2355785823766254   24.6699870806299835   -0.1108617387765993   -0.9446967721874305   -0.6436395245744126    0.0350687728021218 
 -19.0760967727236519   23.3113406112087702   -0.0404009412808142   -0.8946268225509624   -0.7147775587631532    0.0353529457650553 
 -20.8086566066380350   21.8131860891859795    0.0303697655665893   -0.8367015685435244   -0.7825451237164964    0.0353739394056355 
 -22.4185247085832344   20.1855683186581238    0.1009285969326168   -0.7723053860322273   -0.8439393420419647    0.0351458772318481 
 -23.8952495919451522   18.4422961476857026    0.1708217922570483   -0.7039552729259695   -0.8981738804843645    0.0347165071620847 
 -25.2331183468176938   16.5971285841202167    0.2396895959687465   -0.6337821337117103   -0.9461036163533019    0.0341293579411665 
 -26.4295482972900757   14.6605697928969256    0.3072444191788579   -0.5623617639060368   -0.9900496654032956    0.0334008950547789 
 -27.4800055448863567   12.6387757152354432    0.3731640647635390   -0.4872164536691490   -1.0311875055986459    0.0324785302885493 
 -28.3746527430384141   10.5395531603364176    0.4369946123065796   -0.4065927582800380   -1.0668423077829576    0.0313101703018509 
 -29.1037965008537896    8.3768701361201696    0.4982556261449212   -0.3221886135534534   -1.0944022154591506    0.0299196098156373 
 -29.6625396135230908    6.1677563311666344    0.5565586760218646   -0.2366202841888660   -1.1133730539189248    0.0283616124374392 
 -30.0509998101486211    3.9284815393461257    0.6116295658338868   -0.1521756573096945   -1.1249108029769508    0.0266936718124377 
 -30.2724397519899959    1.6712829675717495    0.6632810626265246   -0.0693979446753891   -1.1317555620024684    0.0249400841641013 
 -30.3278435826393284   -0.5963748038928446    0.7112950191857215    0.0143779387821386   -1.1351990004733019    0.0230451194478274 
 -30.2130003857491438   -2.8653952254557207    0.7553311854174578    0.1007610577986475   -1.1325982766650327    0.0209617740695292 
 -29.9242520018843123   -5.1210375227962466    0.7950403708582013    0.1878778862236875   -1.1216447370213385    0.0187255207151519 
 -29.4627565202846355   -7.3462484732479867    0.8301746073635585    0.2731022265279665   -1.1022513904245634    0.0163970560559917 
 -28.8344931619532758   -9.5253854237103646    0.8606029192567959    0.3543436715040634   -1.0759639626914121    0.0140294980131819 
 -28.0481553223835007  -11.6474146684611508    0.8862776177312292    0.4314370683645096   -1.0456752013197019    0.0116396463805476 
 -27.1095395779002928  -13.7061559698792390    0.9071102679183759    0.5071991872856150   -1.0124702976539348    0.0091728681959289 
 -26.0192506841151143  -15.6935224011648184    0.9228927676652409    0.5829907688696266   -0.9737440461593376    0.0065908575450760 
 -24.7787663251102792  -17.5960662527058957    0.9334194579077393    0.6569255130076725   -0.9275087673168213    0.0039287804797078 
 -23.3943774902803980  -19.3985094957306110    0.9385918661313505    0.7264900744042656   -0.8738281923222527    0.0012466842260155 
 -21.8771052450281154  -21.0874149561537401    0.9384348722723721    0.7895903653210251   -0.8144130019238360   -0.0013940815596902 
 -20.2404237946997370  -22.6544319886703249    0.9330613418321255    0.8462081833442410   -0.7524157900958923   -0.0039731636413032 
 -18.4944795537080751  -24.0961685025595926    0.9225430440705267    0.8993446741587264   -0.6889076933929217   -0.0065485259933018 
 -16.6443693680618168  -25.4072468887437601    0.9068437511983908    0.9502240111243339   -0.6213264279794003   -0.0091520462090780 
 -14.6963477941260638  -26.5774950781908466    0.8859471763138459    0.9968746793802243   -0.5480061570207317   -0.0117375692373607 
 -12.6612949103589418  -27.5956694693163911    0.8599504363127602    1.0368888508071783   -0.4694248029457314   -0.0142415254711107 
 -10.5543768552279236  -28.4530179953136049    0.8290711527568948    1.0685175083633129   -0.3876705432289876   -0.0166107559176598 
  -8.3924760052401624  -29.1463867634471079    0.7936029754008412    1.0922652860202271   -0.3059792872268748   -0.0188363944218476 
  -6.1883052182967750  -29.6775131458896624    0.7537814282952507    1.1113515534478882   -0.2251662598302125   -0.0209777504013073 
  -3.9493613798298828  -30.0458712380510278    0.7097307364395250    1.1268874000233842   -0.1427465373022548   -0.0230622823550815 
  -1.6842551560701444  -30.2464487021510102    0.6615953667183394    1.1371074531247627   -0.0573451481027990   -0.0250512354955442 
   0.5942164266999491  -30.2735295366337880    0.6096237599748147    1.1399318207485232    0.0304972867373661   -0.0268898060690974 
   2.8695140899390994  -30.1241021324692717    0.5541726298288454    1.1338351703742742    0.1186628950459131   -0.0285264314577089 
   5.1240927287243512  -29.8008515765692543    0.4956587842119035    1.1196720827050755    0.2038936268127185   -0.0299590952930435 
   7.3452706582239502  -29.3109257132442949    0.4344236051082991    1.1009148079060771    0.2856507274167773   -0.0312573043620757 
   9.5255294126578089  -28.6586991661304396    0.3706976332385002    1.0785847509207624    0.3665698086622021   -0.0324468964499018 
  11.6560565727221217  -27.8442189836006868    0.3047398132848439    1.0508593011672764    0.4479191518466403   -0.0334816310899701 
  13.7240343940733727  -26.8671682678035459    0.2369147340498112    1.0157378394796683    0.5289233816422366   -0.0343045428372127 
  15.7132793762895187  -25.7302833758184839    0.1676915754807986    0.9720222616689422    0.6072164184618389   -0.0348727536018466 
  17.6073269203029064  -24.4422635518850555    0.0975863019768695    0.9210844766602452    0.6795949685084036   -0.0351963665686633 
  19.3953726630646344  -23.0159482662783077    0.0270207023098605    0.8665690622123186    0.7458706789239583   -0.0353467645986094 
  21.0719194106062915  -21.4609998885329922   -0.0437008836143044    0.8094258293333001    0.8086487862778510   -0.0353487329451808 
  22.6303424590425379  -19.7828884409606331   -0.1142531566335228    0.7481047897898931    0.8690337143257306   -0.0351677565144790 
  24.0605370668049794  -17.9868290000290436   -0.1842221110732855    0.6809579255209347    0.9263167405306298   -0.0347587261410454 
  25.3496543335329072  -16.0810729643764887   -0.2531089074589297    0.6070633196548610    0.9782095770792356   -0.0340845594616047 
  26.4854226248711022  -14.0796574217698591   -0.3203944813083304    0.5282236409662181    1.0216545420237779   -0.0331685951843602 
  27.4620180485853851  -11.9999585734509697   -0.3856833102069031    0.4483641373887224    1.0569227767763361   -0.0320986606457447 
  28.2789599213696512   -9.8553318996791486   -0.4487107380378472    0.3684156862267112    1.0869574975043144   -0.0309055933654316 
  28.9346095249834967   -7.6546241394638148   -0.5091996453021030    0.2868134738342123    1.1130387942437885   -0.0295550733863505 
  29.4240268541396794   -5.4061536161092718   -0.5667956994150398    0.2019482264118736    1.1345296292607316   -0.0280054367109262 
  29.7397498106268223   -3.1210120730446222   -0.6210713317110240    0.1131262525724123    1.1492016565942347   -0.0262312303011496 
  29.8753405668284948   -0.8157251355071519   -0.6715946434281668    0.0224729846406436    1.1543676848001529   -0.0242670022974991 
  29.8310990645647962    1.4907010105170948   -0.7180703847400003   -0.0662155136308808    1.1508384471394677   -0.0221975775306151 
  29.6122716294488093    3.7839297314005025   -0.7603311878844405   -0.1522972590843483    1.1416033089567976   -0.0200489625900041 
  29.2227246385320640    6.0541718354171188   -0.7981976852466476   -0.2372426988614658    1.1278800097545951   -0.0177956471077277 
  28.6631815938496821    8.2922404983422311   -0.8314244757025051   -0.3224947822429259    1.1091866138210542   -0.0154048338862376 
  27.9321252152838895   10.4863552475075519   -0.8597083265600712   -0.4086348826645864    1.0834540726788724   -0.0128549019054251 
  27.0295848399501502   12.6196931099884377   -0.8827644032070042   -0.4932971626323402    1.0482599110605875   -0.0101914595487102 
  25.9626371581291799   14.6739361859240436   -0.9004662918381370   -0.5726615701148435    1.0049149137416402   -0.0075112817323579 
  24.7429054579428893   16.6362541775607475   -0.9128210842825504   -0.6462731876602739    0.9567223049419207   -0.0048434130906737 
  23.3803368791750117   18.4986770893418111   -0.9198292812518850   -0.7157429092957381    0.9050942362572884   -0.0021615874928481 
  21.8816705994013994   20.2541883788762114   -0.9214362329559269   -0.7825897720356386    0.8496672893843358    0.0005629877091268 
  20.2513915968375429   21.8935807340891024   -0.9175420670139351   -0.8472817773963025    0.7885353314654361    0.0033395056049472 
  18.4956825656452928   23.4032242492418945   -0.9080810570968305   -0.9073362713074232    0.7198127097404754    0.0061130136635058 
  16.6275315818336047   24.7691238811511134   -0.8931518224608679   -0.9593767781549010    0.6454258255426953    0.0087952953725292 
  14.6634794248681732   25.9834986785987567   -0.8729713970969087   -1.0035130803353107    0.5687411350303213    0.0113682597248706 
