   1.0362860295897636    0.8164633258743799    0.0040055103255280   -4.3634838560563987    3.3029311393672436   -0.0093504520116413 
   0.7559433117729609    0.9547905572339445   -0.0193581318768327   -5.3312612256234750    2.4637746545287005    0.0080662569893334 
   1.5179164410602155   -0.1015871564975490   -0.0189626003067965   -0.4657089062824171    4.6018492575686221   -0.0781378527743980 
   1.3862484034696669    0.3239311168376833   -0.0303111790006590   -2.0730988599783498    4.5004204786149664   -0.0548470246772534 
  -0.5358721897931336    0.8396836428047023   -0.0071850251400823   -5.5736460663653720   -4.1410148444073203    0.1836119472181520 
   1.4286888902683688   -0.6085207135887596   -0.0143627464214622    1.5094920285423792    4.1868633908812214   -0.1114774651998733 
   1.1116928564042465   -1.0916364453153677   -0.0013735815504485    3.2911446653093579    2.9817587455147549   -0.1180116241324672 
   0.8382007063524014   -1.3052517456899648   -0.0014547763391655    4.0552911265830103    1.9514210437589981   -0.0792357897287973 
   0.8036343795229415    0.9624248749281721   -0.0208359075615375   -5.0958703091693840    2.5233931986233902    0.0574115506925630 
  -0.1353394461837236   -1.3430596972621802    0.0088423551503045    4.9792472778605150   -1.7092116999631251   -0.0646817098610513 
  -0.5533850495979872    0.8389557952755482    0.0087570062394205   -5.4475323332614849   -4.2642536874157297    0.0376363940316853 
   0.1679029841717464   -1.3885933195095661   -0.0214629333285089    5.0129448722361927   -0.4026869856068601   -0.0102355426401851 
   0.3857919902946484   -1.3793384438618146   -0.0211495909581109    4.8725416393575776    0.4436767613663420    0.0051949116571320 
   0.3299425811042688   -1.3818173543182453   -0.0208402423935616    4.9349276403087341    0.2261388987760343    0.0026014900801457 
   0.3142906344780118   -1.3769899462744515   -0.0202779724681458    4.9688754887091626    0.1584842598434101    0.0027321121275760 
   0.7518722733253840   -1.2818928370628278   -0.0209315134623028    4.3436972856275506    1.7685085145253878    0.0476357498305286 
   0.5913800504197886   -1.3342240571287478   -0.0212694792742173    4.6591229382306372    1.1620851755326658    0.0395047703115343 
  -0.6836548430960654    0.7246322097993733    0.0119375387780957   -4.7447940205788308   -5.0256176053514130   -0.1889047337312859 
   1.3868192680637343   -0.7083740836295039    0.0010888555382633    2.0220107971927157    3.9448843900624873    0.0924055479284577 
   0.0853758189372583   -1.3906779182503715   -0.0165243569600085    5.0190956236346258   -0.7596553716187883    0.0306116884465504 
   1.4765875175370866    0.1275861405076705    0.0139833434251280   -1.1526850625983076    4.5785665803026001    0.0452694881754234 
  -0.0291429542049121    1.0606186119926391    0.0018152660198096   -6.4644801035763235   -1.2045856509248754   -0.0287107677080652 
   1.2155827156066465   -0.9693636400020355    0.0087138755957311    2.8361505400101392    3.4152740409434328   -0.0927160087119239 
  -0.7505100524588892   -0.9467629122735434   -0.0361208546498065    3.6758707558326220   -4.5314552930382330   -0.0710673132495800 
   1.3349953944825543   -0.7125127449051781   -0.0033468753484861    1.9432340396432486    4.1115388548476579    0.1410658442467839 
  -0.7257846979217624    0.6675013593903815    0.0089557410055360   -4.6440105313113760   -5.1868649712778527   -0.2068576176506518 
   1.5220691404708118   -0.1757209971465044    0.0144843700215555    0.0447299178261496    4.5422763110402284    0.0895013015644475 
   1.5582631637051350   -0.0018600161222935    0.0161544619987918   -0.5750380526738899    4.4686472424908779    0.0448087166472689 
  -0.6947109939780667   -0.9334741381587083   -0.0085700854493927    4.0249877484128298   -4.6169603203393690    0.0202773498389503 
   1.4582976697025722   -0.6589654183684509    0.0111565323572074    1.8609006080954600    3.9324459315268334   -0.0140832006273271 
  -0.2084376983370246   -1.2638975222298765    0.0076049779910075    5.1481487055357071   -2.1799255610547355    0.0389333313121074 
  -0.8769166183010469    0.4780530084777034   -0.0075930798935158   -3.1301347655865213   -6.2314091023759142    0.0340421912920553 
   0.2775420910174208    1.1744640300115361   -0.0087610555384854   -5.9155690041784945    0.0409957726182488   -0.0249455280500991 
   0.9937716813480524   -1.1583507692395916    0.0142262078420529    3.9408568416369687    2.4156859892698028   -0.0063758491357300 
  -0.6487595857740227   -0.9318012398583866    0.0072778882173723    4.3244521988788245   -4.5096199081252211    0.0589185338350159 
   1.5583149915686867   -0.1805068214411458    0.0040200551448906    0.3753814966929822    4.4056763728705759   -0.0723258131659116 
   0.8921681667095434    1.0108183524577652   -0.0385264896047257   -4.5415225933326244    2.5882271849971441   -0.0795987555705250 
   0.7486764047694291    1.0385075195802429   -0.0666665348463147   -4.8752142482496037    2.3279556880420329   -0.0963927469221961 
  -0.8907352037140503    0.4681522821462767   -0.0127391648748154   -2.8369156228815529   -6.2171805597695506    0.3178116429554958 
   1.0433982996325162   -0.9286006624158722    0.0308285728898740    3.7334871092409596    3.2172377681382769   -0.2017825177731460 
   0.0967495542776806    1.1753402838416969   -0.0536127467562214   -5.8449942946981004   -0.5967614904185674    0.1135484859626675 
   1.2031731071323251    0.6692072702266438   -0.0495504457078500   -2.8812649138876694    4.0341079462534868   -0.1311275192971396 
   1.4065921483304793    0.1830963820814004   -0.0337426312239330   -0.7736518567212071    4.7198841985642854   -0.1863832371204084 
   1.4044328450618520   -0.2133621677537775   -0.0206001830294074    0.8596116804919719    4.7002697854840516   -0.2010320671861996 
   1.4308340787797127   -0.1544325226128246   -0.0257304034887583    0.6246734712884358    4.6862955885648576   -0.1902179551191618 
   1.2387944839014884    0.6617511457909615   -0.0531283412220556   -2.7047829174517015    4.0467090411074507   -0.0847630278054130 
   1.1689750909060217    0.7383348298502503   -0.0548758738947055   -3.0706882523618573    3.8638156141771325   -0.0673014218277128 
   1.4180053440217881   -0.0842664411531779   -0.0328219753342692    0.4070496837194850    4.7606547601614286   -0.1788250426891569 
   1.4312382590877815   -0.1090206667437930   -0.0341749612002694    0.5083538763071129    4.7143966335505407   -0.1750532785486020 
   1.2380301099544215    0.6815430234640453   -0.0568595341993757   -2.6918743292710601    4.0131237801081880   -0.0549289511760529 
   1.1417221226662619    0.7854493752182120   -0.0575697628810014   -3.1862418484669321    3.7516908806485683   -0.0295110869901589 
   1.4138818434545870   -0.1160401053381924   -0.0385635868052882    0.6022656130393832    4.7495983581707728   -0.1632089221846840 
   1.4340028199149712    0.0936616179708061   -0.0473857321631952   -0.2347827192156857    4.7289565062563890   -0.1321991511204773 
   1.0529572862053735    0.9080898866359216   -0.0594265275409336   -3.6224343707689388    3.3349841920700669    0.0254204399117833 
   1.2213460916620711    0.6928323840640170   -0.0587702783557671   -2.6915411278237160    4.0278645530640373   -0.0188416098081567 
   1.4118342527171341   -0.0652951172785105   -0.0475297395467179    0.4605523432992920    4.7842355924109565   -0.1240172526825435 
   1.4334866684589209    0.0927320557076566   -0.0560866523631140   -0.1668435248321791    4.7359437195976115   -0.0760967001605699 
   0.8188771044719345    1.0729559532329815   -0.0403786037974942   -4.4133978523600970    2.5038299438502123    0.1564721643399160 
  -0.2445864751006332   -1.0571027789157066    0.0149008048206738    5.8737638788130715   -2.3416335146603937   -0.2263705922223835 
   1.0418288115436045    0.9092133885349293   -0.0437449759782549   -3.6010226218377874    3.3674616244310851    0.1507298935698181 
   0.1195138870614856   -1.1393749848906662   -0.0105454399597287    5.9929700216240835   -0.4101654724013201   -0.2640353732372474 
  -0.6594069072105722    0.8571624205471037    0.0359278770233107   -4.3977371859796950   -4.5608289216790645    0.1585196906767018 
   0.3717124646789288    1.2146544644607054   -0.0014882779632442   -5.3628529084362961    0.6922909669270720    0.2491435614548378 
  -0.2892405642817498    1.1206315936785878    0.0316743101621661   -5.4085136147409010   -2.4533107840102781    0.2039021492454886 
   0.4160509384299461    1.2200032919594908    0.0065147014622738   -5.2561067579875189    0.8801953551678124    0.2622814278635465 
   1.3652664182130727    0.3483493879162678   -0.0547661197152556   -1.1895915901993983    4.6547253024297648    0.1693837780485359 
   1.0058010400810991   -0.8179387078029201   -0.0727699526921843    3.9353315711322421    3.5406627586548804   -0.0903028680530114 
  -0.2682738937730740   -1.0384540461513398   -0.0216961143100294    5.9015774522041129   -2.4183143014476647   -0.3825461330814578 
   0.0758239421636031    1.2371760939682765    0.0437312070705557   -5.5127782253942579   -0.6054104150134260    0.2569792617282040 
   0.3428073936313903   -1.1091801857239443   -0.0689625794515150    5.8186515837478945    0.8308829733603995   -0.2689486146247937 
   1.3215255532582528    0.3873107250761305   -0.0504016813891064   -1.3649865234783405    4.7001865809969914    0.2914400536284145 
  -0.3117070069529135    1.1217930763462882    0.0705614417778178   -5.3303230437395239   -2.4727596345214717    0.1462917758828410 
   1.2724127432583940   -0.4056906114240126   -0.0836337186547105    2.0870059665806622    4.6433778470525153    0.1407946336643398 
   0.9763844898781067   -0.8087217324161896   -0.0890702251356073    4.0570741147160829    3.5739877500167716    0.0017492630838490 
   1.3457204491029593    0.3676258092397666   -0.0409673878274329   -1.1662166626440562    4.7076639040099950    0.3123183530658156 
  -0.4583227558059160    1.0694783646153518    0.0582524854667908   -4.9643210152489390   -3.3208040571103132    0.0087843413207670 
   0.8392782507536916    1.1094639508075812    0.0258790908493470   -4.2803111251165875    2.4609762369497683    0.2341700590333489 
   1.4129993879613192   -0.1506198255732613   -0.0452919859055030    0.9756971681742446    4.7233206793969593    0.1909581425176357 
  -0.3941048295286800   -0.9767043228006917   -0.0402692404257249    5.7027663663173795   -3.1526477162584636   -0.3114611186758067 
  -0.1165081097049963   -1.0840787752424554   -0.0531461468704072    6.1118971589490476   -1.6134275063957280   -0.2314921709873447 
  -0.6513551978381107   -0.7820958727071867   -0.0268850456894204    4.8154706357969133   -4.6748582149959832   -0.3582274607263722 
   1.3111568177038382   -0.4516867076044860   -0.0483537348093463    2.2154403879680014    4.4354254161971634    0.1938331100732424 
   1.1300257893429204    0.8601270827408655    0.0294871282623553   -3.2268603190226934    3.5693345480146359    0.2516345352065797 
   1.4130736330192952   -0.2190755605961117   -0.0306323890213482    1.1417179633356203    4.6472060342740917    0.2291708661169300 
  -0.3436392801286741    1.1197964751447851    0.0592079875730191   -5.2539166831089403   -2.7680424103646386   -0.0949821321019567 
  -0.9597222721909401   -0.2549966788547453   -0.0062870305790294    1.7481863188795763   -6.6450228902866515   -0.3348010262694609 
   1.4129217409761528    0.5459612590287796    0.0199667165849580   -1.8283865640053047    4.1659877601474999    0.1505705092067952 
   1.4923972175084896   -0.1679858230545058   -0.0021336524800983    0.8995441517209245    4.5167794329833812    0.1587591577191861 
   1.2777803424904981   -0.6135672016938064   -0.0144311981359898    2.7832604614822385    4.0388583214530067    0.1462235089562001 
  -0.0078751805915052    1.2644115938013401    0.0395579510368623   -5.4248661789098458   -1.1507095839532688   -0.0698768021457814 
  -0.9097788126392068   -0.4062180272683889   -0.0183655513923843    2.6445032327723856   -6.3948457010939022   -0.1125834257726852 
  -0.5826458483655251    0.9812443165409533    0.0088550829731120   -4.6008947433331313   -4.0765471991278277   -0.1299964962899129 
   1.0140534282381934    1.0700009107026069    0.0289879997532820   -3.8162005578163161    2.7765604080621231   -0.0229263799729765 
   1.4304786242443195    0.5055456150761956    0.0279997661226944   -1.5574674586655770    4.2617006620829869   -0.0009823124473883 
  -0.8103571126122119    0.7225602305771776   -0.0151775801271710   -3.4568008313297782   -5.4024569476716078   -0.0585834833332517 
  -0.0762471581791519    1.2496356488448983   -0.0130929715598893   -5.3998337608843316   -1.4638806613412620   -0.1026849731851658 
   0.6182745706927103    1.2476071542217424   -0.0020045440631207   -4.7895880887173430    1.4458324008371037   -0.1266479972093600 
   0.1023022226304271   -1.1369094496940604    0.0203443721724420    6.0961881255772328   -0.5817603107466937    0.1484223177109759 
  -0.2931421190674716   -1.0310685753991125    0.0209986273964940    5.9099620805003505   -2.6361116774623161    0.2569890869148695 
   0.8258861168708735    1.1751704216887779   -0.0130889567490949   -4.2772675532577598    2.2346962147113407   -0.1984792634846903 
