   0.2588842601959203    0.6729239156580935   -0.0057085227060350   -6.9196633243918377    2.6180648117822409    0.4352221803660055 
  -0.6760124488553888    0.2412570104990644    0.0423196909004332   -2.5181301961283493   -6.9919809258933165    0.0494005319343497 
  -0.2357504633412244   -0.6863687683308408    0.0041891252190688    6.9364974378652375   -2.4313314177519265   -0.4336321205040529 
   0.6839613320997531   -0.2445494569426655   -0.0428235564611518    2.4469107206401404    6.9240639800062622   -0.0462223534248257 
   0.2417414625238269    0.6791631091634547   -0.0046336873635726   -6.9846810236546890    2.4424648735229386    0.4365653457854576 
  -0.6820025002043033    0.2239409471985083    0.0424278240773845   -2.3403417516525611   -7.0528837667817683    0.0383055650569383 
  -0.2185750158887421   -0.6921476099954150    0.0031187206042628    6.9943343372694899   -2.2558429844967796   -0.4345624370838259 
   0.6897809609351099   -0.2274024664646175   -0.0429241744010030    2.2733273465831991    6.9836987947649654   -0.0353874402139380 
   0.2244438230238000    0.6849672780258289   -0.0035558840573703   -7.0452531371949245    2.2652209358759001    0.4376294208808633 
  -0.6875523517787707    0.2064803402600881    0.0425085721294557   -2.1610894964956380   -7.1092189620387165    0.0271887830972115 
  -0.2012623959621105   -0.6974920790544601    0.0020463587169676    7.0477573877241095   -2.0790160834242788   -0.4352196858544578 
   0.6951707635566298   -0.2101137742113878   -0.0429980448201968    2.0982823420811729    7.0389966688731356   -0.0245276730619313 
   0.2070023569796990    0.6903325080896064   -0.0024758021322858   -7.1013364584046474    2.0864463062736989    0.4384134666360386 
  -0.6926585401539715    0.1888864953019527    0.0425618902784135   -1.9804918927722797   -7.1609519714094922    0.0160574958846033 
  -0.1838235234362086   -0.7023990118583708    0.0009727131013377    7.0967372766375139   -1.9009616080037053   -0.4356036964606878 
   0.7001272670823829   -0.1926941188271205   -0.0430451146173547    1.9218821576105771    7.0899214410891069   -0.0136496908850843 
   0.1894281826481240    0.6952551660915701   -0.0013941330222543   -7.1528906761046187    1.9062555060757516    0.4389167277716004 
  -0.6973178949810500    0.1711707992146543    0.0425877517732414   -1.7986681874570030   -7.2080514156264766    0.0049190151794907 
  -0.1662693870759104   -0.7068655188811659   -0.0001015424833394    7.1412474387592191   -1.7217910043825368   -0.4357144646678386 
   0.7046472622468267   -0.1751543249819713   -0.0430653470835148    1.7442341609552419    7.1364394975748251   -0.0027601505904619 
   0.1717325140728349    0.6997319025615324   -0.0003115697958444   -7.1998784124779842    1.7247641953714394    0.4391386339024813 
  -0.7015275408139086    0.1533447123481276    0.0425861478883829   -1.6157383244838968   -7.2504890923167755   -0.0062193506174287 
  -0.1486110377580007   -0.7108889860002915   -0.0011757344713381    7.1812640619733319   -1.5416162047494761   -0.4355521517820511 
   0.7087278055911270   -0.1575052970664137   -0.0430587219420294    1.5654465802824578    7.1785197962093834    0.0081342765424767 
   0.1539266538100585    0.7037596545354321    0.0007711933007551   -7.2422652590120151    1.5420890964444565    0.4390788005621289 
  -0.7052848987186705    0.1354197606637374    0.0425570879089647   -1.4318228566509350   -7.2882399892682477   -0.0173503017308001 
  -0.1308595816747450   -0.7144670756137971   -0.0022491898980166    7.2167660915891325   -1.3605495608644194   -0.4351170839860836 
   0.7123662215152743   -0.1397580128150200   -0.0430252353795207    1.3856284464034543    7.2161338898484022    0.0190269085128784 
   0.1360219855571901    0.7073356480804613    0.0018534613037445   -7.2800198104183718    1.3583479158260601    0.4387370300906975 
  -0.7085876876680227    0.1174075278466828    0.0425005991030615   -1.2470428572983998   -7.3212822950789596   -0.0284665522534187 
  -0.1130261735274434   -0.7175977275940910   -0.0033212368056764    7.2477352331310927   -1.1787037778306353   -0.4344097515918395 
   0.7155601041852138   -0.1219235168812787   -0.0429649000677971    1.2048895344191075    7.2492559484514851    0.0299110562694455 
   0.1180299667143194    0.7104574006233354    0.0029345389928991   -7.3131136964157761    1.1736592652433246    0.4381133123847279 
  -0.7114339257144078    0.0993196474103127    0.0424167266810888   -1.0615198321065540   -7.3495974071444810   -0.0395608353456366 
  -0.0951220097218722   -0.7202791600769517   -0.0043912046470520    7.2741559536416185   -0.9961918482211749   -0.4334308082119303 
   0.7183073192950795   -0.1040129143586665   -0.0428777451766719    1.0233403046884832    7.2778627800814748    0.0407800274049865 
   0.0999621208577186    0.7131227230844924    0.0040137313551730   -7.3415216113884822    0.9881425812550426    0.4372078255062462 
  -0.7138219309483871    0.0811677947701942    0.0423055337423836   -0.8753756308068855   -7.3731699370573969   -0.0506259084042599 
  -0.0771583215569125   -0.7225098700898112   -0.0054584246869892    7.2960154815403184   -0.8131269864619806   -0.4321810698514609 
   0.7206060056836493   -0.0860373642495023   -0.0427638163776526    0.8410918431135815    7.3019338507507161    0.0516271298746100 
   0.0818300301507717    0.7153297218111074    0.0050903440491534   -7.3652213418220720    0.8019180438435985    0.4360209361492777 
  -0.7157503222375762    0.0629636793177646    0.0421671012091163   -0.6887323591319245   -7.3919877133868708   -0.0616545581817400 
  -0.0591463684173315   -0.7242886340181559   -0.0065222304016636    7.3133038050510617   -0.6296225635704882   -0.4306615139220440 
   0.7224545768019851   -0.0680080728918441   -0.0426231758384673    0.6582558008333035    7.3214513030820711    0.0624456757317518 
   0.0636453276964011    0.7170768003079750    0.0061636838701178   -7.3841937914812323    0.6151064940135377    0.4345531999624332 
  -0.7172180197487932    0.0447190364973457    0.0420015277477397   -0.5017122910577589   -7.4060417818762652   -0.0726396058530562 
  -0.0410974309839170   -0.7256145079104461   -0.0075819578745820    7.3260136692175291   -0.4457920423742422   -0.4288732781809465 
   0.7238517220315879   -0.0499362873431688   -0.0424559022083720    0.4749443332952603    7.3363999737752312    0.0732289848837160 
   0.0454196898168974    0.7183626607652719    0.0072330592164947   -7.3984230043135346    0.4278293502617148    0.4328053617247935 
  -0.7182242452560167    0.0264456198647858    0.0418089296778253   -0.3144377811400824   -7.4153264031062713   -0.0835739120424345 
  -0.0230228044260297   -0.7264868276264705   -0.0086369461914510    7.3341405715611536   -0.2617489128415904   -0.4268176595934296 
   0.7247964078534174   -0.0318332887042938   -0.0422620905940323    0.2912700385208096    7.3467674098612230    0.0839703888771500 
   0.0271648282793232    0.7191863053790835    0.0082977805566220   -7.4078961849976874    0.2402085241155597    0.4307783553730787 
  -0.7187685222314343    0.0081551931646773    0.0415894408686374   -0.1270311773336930   -7.4198390476020446   -0.0944503817871067 
  -0.0049337916232757   -0.7269052088246254   -0.0096865378311560    7.3376827563563420   -0.0776066279862236   -0.4244961131231688 
   0.7252878788618883   -0.0137103854228218   -0.0420418525261780    0.1073458949486859    7.3525438836836035    0.0946632346903700 
   0.0088924824850750    0.7195470374616341    0.0093571608946888   -7.4126037170950809    0.0523663349425121    0.4284733038805177 
  -0.7188506757218318   -0.0101404775695872    0.0413432126236330    0.0603852656421758   -7.4195803884328209   -0.1052619694351749 
   0.0131583035899019   -0.7268695467918941   -0.0107300790532590    7.3366412075728524    0.1065214597287759   -0.4219102504526132 
   0.7253256586254198    0.0044210934379670   -0.0417953159169292   -0.0767148013030116    7.3537224066122047    0.1053008885418658 
  -0.0093855883860576    0.7194444623409250    0.0104105162364152   -7.4125391787858739   -0.1355745760560015    0.4258915189851418 
  -0.7184708320123523   -0.0284296319011679    0.0410704135528926    0.2476894724609056   -7.4145542913420250   -0.1160016834820387 
   0.0312421831768912   -0.7263800161179907   -0.0117669202832017    7.3310196405115313    0.2905221617088924   -0.4190618386317561 
   0.7249095503918513    0.0225498049764659   -0.0415226250075355   -0.2607984998876122    7.3502987414613363    0.1158767397221650 
  -0.0276576132756044    0.7188784880476515    0.0114571660543383   -7.4076993561396360   -0.3234913326325418    0.4230345007650813 
  -0.7176294180788071   -0.0467005228499782    0.0407712294336927    0.4347596327484659   -7.4047678024288723   -0.1266625913387802 
   0.0493065616175971   -0.7254370702139968   -0.0127964164934133    7.3208244921437915    0.4742825159629129   -0.4159527986601018 
   0.7240396376367165    0.0406643992434768   -0.0412239403068640   -0.4447914600762904    7.3422714135767517    0.1263842044302670 
  -0.0459118171632328    0.7178493257871891    0.0124964337511387   -7.3980842538887677   -0.5112609107778536    0.4199039370629489 
  -0.7163271608295221   -0.0649414247141864    0.0404458630594656    0.6214742858926187   -7.3902311334248560   -0.1372378240242334 
   0.0673401726075579   -0.7240414406766471   -0.0138179275811731    7.3060649101849329    0.6576898494153246   -0.4125852040013639 
   0.7227162844534137    0.0587535260697750   -0.0408994385202580   -0.6285798152495106    7.3296417205728472    0.1368167296287840 
  -0.0641364290159178    0.7163574901959601    0.0135276471218755   -7.3836971036730032   -0.6987602266396133    0.4165017027555845 
  -0.7145650861396339   -0.0831406408525336    0.0400945340773184    0.8077124050846611   -7.3709576446013134   -0.1477205807802700 
   0.0853317757246400   -0.7221941364999357   -0.0148308187425059    7.2867527409217177    0.8406318396836396   -0.4089612790336118 
   0.7209401357834958    0.0768058419112836   -0.0405493124689282   -0.8120496378537336    7.3124137406929632    0.1471677969070429 
  -0.0823196897557223    0.7144037993796042    0.0145501388143018   -7.3645443697220436   -0.8858662249178560    0.4128298588694231 
  -0.7123445176775889   -0.1012865114345056    0.0397174788140022    0.9933534806552105   -7.3469638253343836   -0.1581041336142125 
   0.1032701630763467   -0.7198964431337157   -0.0158344608428622    7.2629025158001737    1.0229965764642734   -0.4050833974332467 
   0.7187121174857372    0.0948100167210170   -0.0401737709996731   -0.9950870049269332    7.2905943397531772    0.1574309263575799 
  -0.1004498602347967    0.7119893747332808    0.0155632467866085   -7.3406357519502601   -1.0724559676035592    0.4088906515418176 
  -0.7096670755293539   -0.1193674211203583    0.0393149500911706    1.1782776023041761   -7.3182692723975054   -0.1683818317462628 
   0.1211441658889283   -0.7171499213942646   -0.0168282307824072    7.2345314368338887    1.2046726221519455   -0.4009540805014261 
   0.7160334362450006    0.1127547408162154   -0.0397730388854212   -1.1775780638864386    7.2641931766794032    0.1675996804484780 
  -0.1185152292071639    0.7091156405434427    0.0165663147619857   -7.3119841864601778   -1.2584067229344122    0.4046865108298511 
  -0.7065346746195230   -0.1373718066962996    0.0388872170295321    1.3623655404769315   -7.2848966660062207   -0.1785471059768288 
   0.1389426610852730   -0.7139564062225697   -0.0178115118585746    7.2016593608002255    1.3855490721849564   -0.3965759954243023 
   0.7129055793152086    0.1306287317842340   -0.0393473567156672   -1.3594090990294927    7.2332227075579647    0.1776676679164402 
  -0.1365041213163025    0.7057843233681234    0.0175586926810559   -7.2786058433919516   -1.4435960547415030    0.4002200493606325 
  -0.7029495229337290   -0.1552881646465978    0.0384345648424026    1.5454988266903102   -7.2468717436627728   -0.1885934729630668 
   0.1566545778001096   -0.7103180052981428   -0.0187836941230210    7.1643087823007923    1.5655156146087914   -0.3919519534784460 
   0.7093303141017213    0.1484207413701584   -0.0388969807778932   -1.5404665981818739    7.1976981882373874    0.1876285476485345 
  -0.1544049050513009    0.7019974511999825    0.0185397371495152   -7.2405201221669993   -1.6279019116852598    0.3954940608327402 
  -0.6989141195449968   -0.1731050586522997    0.0379572946189500    1.7275598326989270   -7.2042232718708847   -0.1985145393992892 
   0.1742689038676358   -0.7062370975036353   -0.0197441747349425    7.1225048156579209    1.7444625892345131   -0.3870849081746558 
   0.7053096875743253    0.1661195623936756   -0.0384221829288121   -1.7206373199845921    7.1576376753848301    0.1974760325795608 
  -0.1722060007177300    0.6977573524037488    0.0195088118835281   -7.1977496440185682   -1.8112027168308020    0.3905115183564451 
  -0.6944312524422247   -0.1908111270375429    0.0374557230967396    1.9084318487081311   -7.1569830157048244   -0.2083040061129217 
   0.1917746922624483   -0.7017163312443728   -0.0206923583097057    7.0762751756765052    1.9222810462088271   -0.3819779533443645 
   0.7008460255172460    0.1837140356507790   -0.0379232504564157   -1.8998083613759895    7.1130620260267472    0.2072038935799020 
